   T   ,  Sig_Np, Rate# ,   Pct_Np,      CumPct,        SigT,      E:SNR0021 ,   Sig,        SigCalc,    Range ,  Zero   
 4.79601e+03, 1.01638e-10,  1 , 3.61401e-11, 2.01546e-12 , 3.45600e-01,  1.92140e+00, 2.54900e+02, 2.80218e+02,  .3456,      0
 4.28983e+03, 7.00978e-12,  2 , 2.49252e-12, 4.16993e-12 , 4.22400e-01, -1.82701e-01, 2.82400e+02, 2.79993e+02,  599.5,    0
 3.83708e+03, 1.15236e-11,  3 , 4.09753e-12, 4.53745e-12 , 4.99200e-01, -1.24328e+00, 2.96150e+02, 2.79768e+02
 3.43211e+03, 0.00000e+00,  4 , 0.00000e+00, 4.45800e-12 , 5.76000e-01, -2.28194e-01, 2.82550e+02, 2.79543e+02
 3.06988e+03, 0.00000e+00,  5 , 0.00000e+00, 2.78028e-12 , 6.52800e-01, -1.06865e+00, 2.93400e+02, 2.79319e+02
 2.74588e+03, 0.00000e+00,  6 , 0.00000e+00, 0.00000e+00 , 7.29600e-01, -2.52762e+00, 3.12400e+02, 2.79094e+02
 2.45608e+03, 0.00000e+00,  7 , 0.00000e+00, 0.00000e+00 , 8.06400e-01, -1.07232e+00, 2.93000e+02, 2.78870e+02
 2.19686e+03, 0.00000e+00,  8 , 0.00000e+00, 0.00000e+00 , 8.83200e-01,  2.50174e-01, 2.75350e+02, 2.78646e+02
 1.96500e+03, 0.00000e+00,  9 , 0.00000e+00, 0.00000e+00 , 9.60000e-01, -2.56308e-01, 2.81800e+02, 2.78423e+02
 1.75761e+03, 0.00000e+00, 10 , 0.00000e+00, 0.00000e+00 , 1.03680e+00,  3.41451e-01, 2.73700e+02, 2.78199e+02
 1.57211e+03, 0.00000e+00, 11 , 0.00000e+00, 0.00000e+00 , 1.11360e+00,  6.05299e-01, 2.70000e+02, 2.77976e+02
 1.40619e+03, 0.00000e+00, 12 , 0.00000e+00, 0.00000e+00 , 1.19040e+00, -4.96893e-01, 2.84300e+02, 2.77753e+02
 1.25778e+03, 0.00000e+00, 13 , 0.00000e+00, 0.00000e+00 , 1.26720e+00, -1.01850e+00, 2.90950e+02, 2.77530e+02
 1.12503e+03, 8.55990e-12, 14 , 3.04371e-12, 0.00000e+00 , 1.34400e+00, -6.77886e-02, 2.78200e+02, 2.77307e+02
 1.00630e+03, 3.57728e-11, 15 , 1.27200e-11, 0.00000e+00 , 1.42080e+00,  9.20881e-01, 2.64950e+02, 2.77084e+02
 9.00090e+02, 6.25977e-11, 16 , 2.22584e-11, 0.00000e+00 , 1.49760e+00,  1.64051e-01, 2.74700e+02, 2.76862e+02
 8.05094e+02, 8.57882e-11, 17 , 3.05044e-11, 0.00000e+00 , 1.53600e+00, -6.26071e-01, 2.85000e+02, 2.76750e+02
 7.20123e+02, 1.00570e-10, 18 , 3.57603e-11, 0.00000e+00 , 1.61280e+00,  5.48567e-01, 2.69300e+02, 2.76528e+02
 6.44121e+02, 1.08312e-10, 19 , 3.85133e-11, 0.00000e+00 , 1.68960e+00,  2.20893e+00, 2.47200e+02, 2.76306e+02
 5.76140e+02, 1.12164e-10, 20 , 3.98831e-11, 0.00000e+00 , 1.76640e+00,  2.56848e-01, 2.72700e+02, 2.76084e+02
 5.15333e+02, 1.13034e-10, 21 , 4.01923e-11, 0.00000e+00 , 1.84320e+00,  1.41366e-01, 2.74000e+02, 2.75863e+02
 4.60944e+02, 1.12851e-10, 22 , 4.01274e-11, 1.69446e-12 , 1.92000e+00, -1.03659e+00, 2.89300e+02, 2.75641e+02
 4.12296e+02, 1.13987e-10, 23 , 4.05313e-11, 6.19265e-12 , 1.99680e+00, -2.64109e-01, 2.78900e+02, 2.75420e+02
 3.68782e+02, 1.19113e-10, 24 , 4.23539e-11, 1.08150e-11 , 2.07360e+00,  1.37355e+00, 2.57100e+02, 2.75199e+02
 3.29860e+02, 1.22278e-10, 25 , 4.34795e-11, 1.56018e-11 , 2.15040e+00, -2.90071e-01, 2.78800e+02, 2.74978e+02
 2.95046e+02, 1.27007e-10, 26 , 4.51610e-11, 2.05451e-11 , 2.22720e+00,  8.39140e-01, 2.63700e+02, 2.74757e+02
 2.63907e+02, 1.32961e-10, 27 , 4.72780e-11, 2.57002e-11 , 2.30400e+00,  8.75522e-01, 2.63000e+02, 2.74536e+02
 2.36054e+02, 1.37545e-10, 28 , 4.89081e-11, 3.10643e-11 , 2.38080e+00, -7.95648e-01, 2.84800e+02, 2.74316e+02
 2.11140e+02, 1.41557e-10, 29 , 5.03344e-11, 3.65989e-11 , 2.45760e+00, -1.27530e+00, 2.90900e+02, 2.74096e+02
 1.88856e+02, 1.45273e-10, 30 , 5.16558e-11, 4.22867e-11 , 2.53440e+00,  1.51599e+00, 2.53900e+02, 2.73876e+02
 1.68924e+02, 1.48186e-10, 31 , 5.26917e-11, 4.81060e-11 , 2.61120e+00, -8.07807e-01, 2.84300e+02, 2.73656e+02
 1.51096e+02, 1.51899e-10, 32 , 5.40119e-11, 5.40566e-11 , 2.68800e+00,  1.51299e+00, 2.53500e+02, 2.73436e+02
 1.35149e+02, 1.55612e-10, 33 , 5.53322e-11, 6.01546e-11 , 2.76480e+00,  8.84542e-03, 2.73100e+02, 2.73217e+02
 1.20885e+02, 1.57742e-10, 34 , 5.60895e-11, 6.63683e-11 , 2.84160e+00, -1.21640e-01, 2.74600e+02, 2.72997e+02
 1.08127e+02, 0.00000e+00, 35 , 0.00000e+00, 0.00000e+00 , 2.91840e+00,  2.18417e-01, 2.69900e+02, 2.72778e+02
 9.67151e+01, 2.27491e+03, 36 , 8.08909e+02, 4.51113e+01 , 2.99520e+00,  5.81255e-01, 2.64900e+02, 2.72559e+02
 8.65077e+01, 2.46530e+02, 37 , 8.76605e+01, 9.51113e+01 , 3.07200e+00, -4.59893e-01, 2.78400e+02, 2.72340e+02
 7.73776e+01, 0.00000e+00, 38 , 0.00000e+00, 1.00000e+02 , 3.18720e+00, -8.89504e-01, 2.80300e+02, 2.72012e+02
 6.92111e+01, 0.00000e+00, 39 , 0.00000e+00, 1.00000e+02 , 3.34080e+00,  9.49796e-01, 2.64350e+02, 2.71576e+02
 6.19065e+01, 0.00000e+00, 40 , 0.00000e+00, 1.00000e+02 , 3.53280e+00,  7.54600e-01, 2.64000e+02, 2.71031e+02
 5.53728e+01, 0.00000e+00, 41 , 0.00000e+00, 1.00000e+02 , 3.72480e+00, -6.45788e-01, 2.75400e+02, 2.70487e+02
 4.95287e+01, 0.00000e+00, 42 , 0.00000e+00, 1.00000e+02 , 3.87840e+00, -2.28039e+00, 2.91300e+02, 2.70053e+02
 4.43014e+01, 0.00000e+00, 43 , 0.00000e+00, 1.00000e+02 , 4.07040e+00,  3.91442e-01, 2.66533e+02, 2.69511e+02
 3.96258e+01, 0.00000e+00, 44 , 0.00000e+00, 1.00000e+02 , 4.30080e+00, -2.41522e-01, 2.70700e+02, 2.68863e+02
 3.54436e+01, 0.00000e+00, 45 , 0.00000e+00, 1.00000e+02 , 4.53120e+00,  2.73703e-01, 2.66133e+02, 2.68216e+02
 3.17029e+01, 0.00000e+00, 46 , 0.00000e+00, 1.00000e+02 , 4.76160e+00,  1.06287e-02, 2.67500e+02, 2.67570e+02
 2.83569e+01, 0.00000e+00, 47 , 0.00000e+00, 1.00000e+02 , 4.99200e+00,  5.29221e-01, 2.62900e+02, 2.66926e+02
 2.53641e+01, 0.00000e+00, 48 , 0.00000e+00, 1.00000e+02 , 5.26080e+00,  2.30738e+00, 2.50975e+02, 2.66177e+02
 2.26871e+01, 0.00000e+00, 49 , 0.00000e+00, 1.00000e+02 , 5.52960e+00, -2.58750e-02, 2.65600e+02, 2.65430e+02
 2.02927e+01, 0.00000e+00, 50 , 0.00000e+00, 1.00000e+02 , 5.79840e+00,  7.48963e-01, 2.59750e+02, 2.64684e+02
 1.81510e+01, 0.00000e+00, 51 , 0.00000e+00, 1.00000e+02 , 6.10560e+00, -6.62473e-01, 2.68200e+02, 2.63835e+02
 1.62353e+01, 0.00000e+00, 52 , 0.00000e+00, 1.00000e+02 , 6.41280e+00, -1.21971e+00, 2.71025e+02, 2.62989e+02
 1.45218e+01, 0.00000e+00, 53 , 0.00000e+00, 1.00000e+02 , 6.72000e+00, -4.54695e-01, 2.64825e+02, 2.62146e+02
 1.29892e+01, 0.00000e+00, 54 , 0.00000e+00, 1.00000e+02 , 7.06560e+00,  1.69399e-02, 2.61100e+02, 2.61200e+02
 1.16183e+01, 0.00000e+00, 55 , 0.00000e+00, 1.00000e+02 , 7.44960e+00, -5.44229e-01, 2.63360e+02, 2.60153e+02
 1.03921e+01, 0.00000e+00, 56 , 0.00000e+00, 1.00000e+02 , 7.83360e+00, -3.89742e-02, 2.59320e+02, 2.59110e+02
 9.29530e+00, 0.00000e+00, 57 , 0.00000e+00, 1.00000e+02 , 8.21760e+00,  5.72207e-01, 2.54700e+02, 2.58072e+02
 8.31426e+00, 0.00000e+00, 58 , 0.00000e+00, 1.00000e+02 , 8.64000e+00,  4.06072e-01, 2.54750e+02, 2.56934e+02
 7.43676e+00, 0.00000e+00, 59 , 0.00000e+00, 1.00000e+02 , 9.10080e+00,  8.59899e-01, 2.51417e+02, 2.55699e+02
 6.65188e+00, 0.00000e+00, 60 , 0.00000e+00, 1.00000e+02 , 9.56160e+00,  2.85660e-01, 2.52933e+02, 2.54470e+02
 5.94983e+00, 0.00000e+00, 61 , 0.00000e+00, 1.00000e+02 , 1.00608e+01,  3.21698e-01, 2.51543e+02, 2.53145e+02
 5.32188e+00, 0.00000e+00, 62 , 0.00000e+00, 1.00000e+02 , 1.05600e+01, -8.09907e-01, 2.55600e+02, 2.51827e+02
 4.76021e+00, 0.00000e+00, 63 , 0.00000e+00, 1.00000e+02 , 1.10976e+01,  4.08146e-02, 2.50225e+02, 2.50415e+02
 4.25781e+00, 0.00000e+00, 64 , 0.00000e+00, 1.00000e+02 , 1.16736e+01, -9.78852e-01, 2.53471e+02, 2.48911e+02
 3.80844e+00, 0.00000e+00, 65 , 0.00000e+00, 1.00000e+02 , 1.22496e+01,  7.76299e-01, 2.43800e+02, 2.47417e+02
 3.40649e+00, 0.00000e+00, 66 , 0.00000e+00, 1.00000e+02 , 1.28640e+01,  9.29363e-01, 2.41750e+02, 2.45832e+02
 3.04696e+00, 0.00000e+00, 67 , 0.00000e+00, 1.00000e+02 , 1.35168e+01, -1.26034e+00, 2.49411e+02, 2.44160e+02
 2.72538e+00, 0.00000e+00, 68 , 0.00000e+00, 1.00000e+02 , 1.42464e+01,  1.24646e+00, 2.37110e+02, 2.42304e+02
 2.43774e+00, 0.00000e+00, 69 , 0.00000e+00, 1.00000e+02 , 1.49760e+01,  2.28417e+00, 2.30944e+02, 2.40462e+02
 2.18046e+00, 0.00000e+00, 70 , 0.00000e+00, 1.00000e+02 , 1.57056e+01, -1.70007e-01, 2.39310e+02, 2.38635e+02
 1.95033e+00, 0.00000e+00, 71 , 0.00000e+00, 1.00000e+02 , 1.65120e+01, -1.35307e-01, 2.37145e+02, 2.36631e+02
 1.74449e+00, 0.00000e+00, 72 , 0.00000e+00, 1.00000e+02 , 1.73568e+01, -6.41807e-01, 2.36991e+02, 2.34550e+02
 1.56038e+00, 0.00000e+00, 73 , 0.00000e+00, 1.00000e+02 , 1.82400e+01,  3.48811e-01, 2.31067e+02, 2.32393e+02
 1.39569e+00, 0.00000e+00, 74 , 0.00000e+00, 1.00000e+02 , 1.92000e+01,  2.62994e-01, 2.29146e+02, 2.30072e+02
 1.24839e+00, 0.00000e+00, 75 , 0.00000e+00, 1.00000e+02 , 2.01984e+01,  1.43462e+00, 2.22631e+02, 2.27683e+02
 1.11663e+00, 0.00000e+00, 76 , 0.00000e+00, 1.00000e+02 , 2.12352e+01,  1.53080e-01, 2.24707e+02, 2.25228e+02
 9.98784e-01, 0.00000e+00, 77 , 0.00000e+00, 1.00000e+02 , 2.23104e+01,  1.01910e+00, 2.19243e+02, 2.22710e+02
 8.93371e-01, 0.00000e+00, 78 , 0.00000e+00, 1.00000e+02 , 2.34240e+01,  2.47988e+00, 2.12207e+02, 2.20132e+02
 7.99084e-01, 0.00000e+00, 79 , 0.00000e+00, 1.00000e+02 , 2.46144e+01,  2.00152e+00, 2.11013e+02, 2.17409e+02
 7.14748e-01, 0.00000e+00, 80 , 0.00000e+00, 1.00000e+02 , 2.58816e+01, -6.04880e-02, 2.14735e+02, 2.14547e+02
 6.39313e-01, 0.00000e+00, 81 , 0.00000e+00, 1.00000e+02 , 2.72256e+01, -2.34029e-01, 2.12261e+02, 2.11554e+02
 5.71839e-01, 0.00000e+00, 82 , 0.00000e+00, 1.00000e+02 , 2.86080e+01, -3.38955e-01, 2.09517e+02, 2.08518e+02
 5.11486e-01, 0.00000e+00, 83 , 0.00000e+00, 1.00000e+02 , 3.00672e+01, -1.00529e-01, 2.05650e+02, 2.05361e+02
 4.57504e-01, 0.00000e+00, 84 , 0.00000e+00, 1.00000e+02 , 3.16416e+01, -6.32691e-01, 2.03786e+02, 2.02008e+02
 4.09218e-01, 0.00000e+00, 85 , 0.00000e+00, 1.00000e+02 , 3.32544e+01,  1.60223e+00, 1.94229e+02, 1.98631e+02
 3.66029e-01, 0.00000e+00, 86 , 0.00000e+00, 1.00000e+02 , 3.49440e+01,  2.99331e-01, 1.94348e+02, 1.95153e+02
 3.27398e-01, 0.00000e+00, 87 , 0.00000e+00, 1.00000e+02 , 3.67488e+01, -4.39268e-03, 1.91517e+02, 1.91505e+02
 2.92844e-01, 0.00000e+00, 88 , 0.00000e+00, 1.00000e+02 , 3.86304e+01, -9.18376e-01, 1.90104e+02, 1.87775e+02
 2.61937e-01, 0.00000e+00, 89 , 0.00000e+00, 1.00000e+02 , 4.05888e+01, -2.59701e-02, 1.84035e+02, 1.83970e+02
 2.34292e-01, 0.00000e+00, 90 , 0.00000e+00, 1.00000e+02 , 4.26624e+01, -1.04363e+00, 1.82536e+02, 1.80025e+02
 2.09564e-01, 0.00000e+00, 91 , 0.00000e+00, 1.00000e+02 , 4.48512e+01, -1.87479e+00, 1.80390e+02, 1.75953e+02
 1.87447e-01, 0.00000e+00, 92 , 0.00000e+00, 1.00000e+02 , 4.71168e+01, -2.23175e-01, 1.72347e+02, 1.71835e+02
 1.67663e-01, 7.97564e-99, 93 , 2.83596e-99, 1.00000e+02 , 4.95360e+01,  3.44931e-01, 1.66776e+02, 1.67544e+02
 1.49968e-01, 1.41776e-96, 94 , 5.04123e-97, 1.00000e+02 , 5.20704e+01, -5.38006e-01, 1.64345e+02, 1.63164e+02
 1.34140e-01, 1.38927e-96, 95 , 4.93993e-97, 1.00000e+02 , 5.47200e+01, -1.39488e+00, 1.61689e+02, 1.58707e+02
 1.19983e-01, 9.16232e-97, 96 , 3.25792e-97, 1.00000e+02 , 5.75232e+01, -3.79828e-01, 1.54916e+02, 1.54125e+02
 1.07320e-01, 4.75805e-97, 97 , 1.69186e-97, 1.00000e+02 , 6.04800e+01, -1.92192e+00, 1.53342e+02, 1.49435e+02
 9.59932e-02, 2.04453e-97, 98 , 7.26989e-98, 1.00000e+02 , 6.35904e+01, -1.21480e+00, 1.47041e+02, 1.44655e+02
 8.58620e-02, 6.17029e-98, 99 , 2.19402e-98, 1.00000e+02 , 6.68160e+01,  1.78661e-02, 1.39826e+02, 1.39860e+02
 7.68000e-02, 7.05777e-99,100 , 2.50959e-99, 1.00000e+02 , 7.02336e+01,  1.57242e+00, 1.31993e+02, 1.34953e+02
            ,    ,            ,            ,             , 7.38432e+01, -3.02432e-01, 1.30510e+02, 1.29958e+02
            ,    ,            ,            ,             , 7.76064e+01,  9.20540e-01, 1.23296e+02, 1.24947e+02
            ,    ,            ,            ,             , 8.15616e+01, -7.78673e-01, 1.21247e+02, 1.19888e+02
            ,    ,            ,            ,             , 8.57472e+01, -7.64662e-02, 1.14889e+02, 1.14758e+02
            ,    ,            ,            ,             , 9.01248e+01, -4.92225e-01, 1.10445e+02, 1.09628e+02
            ,    ,            ,            ,             , 9.47328e+01, -2.16236e-01, 1.04826e+02, 1.04475e+02
            ,    ,            ,            ,             , 9.95712e+01, -2.43133e+00, 1.03155e+02, 9.93256e+01
            ,    ,            ,            ,             , 1.04640e+02, -1.48838e+00, 9.64985e+01, 9.42031e+01
            ,    ,            ,            ,             , 1.10016e+02, -1.02787e+00, 9.06125e+01, 8.90589e+01
            ,    ,            ,            ,             , 1.15661e+02,  2.79479e-01, 8.35507e+01, 8.39598e+01
            ,    ,            ,            ,             , 1.21574e+02,  6.76294e-01, 7.79646e+01, 7.89311e+01
            ,    ,            ,            ,             , 1.27795e+02, -2.11371e-01, 7.42614e+01, 7.39662e+01
            ,    ,            ,            ,             , 1.34323e+02, -1.40411e-01, 6.92828e+01, 6.90919e+01
            ,    ,            ,            ,             , 1.41158e+02,  1.81759e+00, 6.19132e+01, 6.43325e+01
            ,    ,            ,            ,             , 1.48378e+02, -2.27756e+00, 6.26186e+01, 5.96615e+01
            ,    ,            ,            ,             , 1.55981e+02, -1.21380e+00, 5.66406e+01, 5.51087e+01
            ,    ,            ,            ,             , 1.63930e+02,  1.23110e+00, 4.92009e+01, 5.07203e+01
            ,    ,            ,            ,             , 1.72301e+02,  5.84677e-01, 4.57759e+01, 4.64763e+01
            ,    ,            ,            ,             , 1.81133e+02,  6.75292e-01, 4.15907e+01, 4.23834e+01
            ,    ,            ,            ,             , 1.90387e+02, -2.11373e-01, 3.87228e+01, 3.84813e+01
            ,    ,            ,            ,             , 2.00102e+02, -1.31150e-01, 3.49177e+01, 3.47711e+01
            ,    ,            ,            ,             , 2.10355e+02, -6.70117e-01, 3.19715e+01, 3.12433e+01
            ,    ,            ,            ,             , 2.21146e+02,  6.00356e-01, 2.72792e+01, 2.79166e+01
            ,    ,            ,            ,             , 2.32435e+02,  5.00629e-01, 2.42967e+01, 2.48149e+01
            ,    ,            ,            ,             , 2.44301e+02, -4.28138e-02, 2.19692e+01, 2.19260e+01
            ,    ,            ,            ,             , 2.56819e+02,  4.80088e-01, 1.87695e+01, 1.92423e+01
            ,    ,            ,            ,             , 2.69952e+02,  3.00163e+00, 1.38949e+01, 1.67794e+01
            ,    ,            ,            ,             , 2.83738e+02,  1.42969e+00, 1.31940e+01, 1.45328e+01
            ,    ,            ,            ,             , 2.98253e+02,  1.29210e+00, 1.13113e+01, 1.24919e+01
            ,    ,            ,            ,             , 3.13498e+02,  1.35593e+00, 9.44631e+00, 1.06564e+01
            ,    ,            ,            ,             , 3.29510e+02, -2.22531e-01, 9.21168e+00, 9.01834e+00
            ,    ,            ,            ,             , 3.46368e+02,  1.99185e+00, 5.87822e+00, 7.56537e+00
            ,    ,            ,            ,             , 3.64070e+02, -5.14123e-01, 6.71695e+00, 6.29105e+00
            ,    ,            ,            ,             , 3.82694e+02,  1.96229e-01, 5.02329e+00, 5.18153e+00
            ,    ,            ,            ,             , 4.02278e+02,  3.42760e-01, 3.95594e+00, 4.22537e+00
            ,    ,            ,            ,             , 4.22861e+02,  1.50153e+00, 2.25818e+00, 3.41012e+00
            ,    ,            ,            ,             , 4.44480e+02,  4.64622e-01, 2.37500e+00, 2.72272e+00
            ,    ,            ,            ,             , 4.67174e+02, -7.18495e-01, 2.67492e+00, 2.14976e+00
            ,    ,            ,            ,             , 4.91059e+02,  8.96279e-01, 1.03887e+00, 1.67655e+00
            ,    ,            ,            ,             , 5.16173e+02,  7.72270e-01, 7.54627e-01, 1.29095e+00
            ,    ,            ,            ,             , 5.42592e+02, -2.17876e-01, 1.12833e+00, 9.80667e-01
            ,    ,            ,            ,             , 5.70355e+02,  1.10289e+00, 6.21622e-03, 7.34659e-01
            ,    ,            ,            ,             , 5.99501e+02,  1.12780e+00,-1.84319e-01, 5.42538e-01

