   T   ,  Sig_Np, Rate# ,   Pct_Np,      CumPct,        SigT,      E:SNR0202 ,   Sig,        SigCalc,    Range ,  Zero   
 9.48776e+04, 2.70386e-04,  1 , 4.87847e-08, 1.63023e-09 , 5.07817e+02,  2.57661e+00, 4.56927e+05, 4.57830e+05,  507.82,      0
 8.87439e+04, 0.00000e+00,  2 , 0.00000e+00, 3.06501e-09 , 5.33952e+02,  1.70205e+00, 4.52768e+05, 4.53350e+05,  11860,    0
 8.30066e+04, 3.97497e-05,  3 , 7.17187e-09, 3.10923e-09 , 5.61303e+02,  7.50203e-02, 4.48683e+05, 4.48708e+05
 7.76403e+04, 0.00000e+00,  4 , 0.00000e+00, 3.34329e-09 , 5.89870e+02,  6.50916e-01, 4.43699e+05, 4.43911e+05
 7.26210e+04, 0.00000e+00,  5 , 0.00000e+00, 3.29332e-09 , 6.19956e+02,  1.30755e+00, 4.38499e+05, 4.38914e+05
 6.79261e+04, 3.24275e-05,  6 , 5.85076e-09, 3.44446e-09 , 6.51866e+02,  6.86745e-01, 4.33463e+05, 4.33675e+05
 6.35347e+04, 9.34315e-05,  7 , 1.68575e-08, 4.20330e-09 , 6.85294e+02,  8.63295e-02, 4.28229e+05, 4.28255e+05
 5.94273e+04, 1.57271e-04,  8 , 2.83757e-08, 5.71485e-09 , 7.20547e+02,  3.12443e-02, 4.22603e+05, 4.22612e+05
 5.55853e+04, 1.41056e-04,  9 , 2.54502e-08, 7.51353e-09 , 7.57623e+02, -5.44220e-01, 4.16914e+05, 4.16758e+05
 5.19918e+04, 1.40578e-04, 10 , 2.53640e-08, 9.21158e-09 , 7.96218e+02, -1.11824e-02, 4.10753e+05, 4.10750e+05
 4.86306e+04, 1.23832e-04, 11 , 2.23426e-08, 1.08058e-08 , 8.36941e+02,  2.14144e+00, 4.03920e+05, 4.04505e+05
 4.54867e+04, 1.03396e-04, 12 , 1.86553e-08, 1.21758e-08 , 8.80094e+02, -1.09126e+00, 3.98281e+05, 3.97990e+05
 4.25460e+04, 8.47236e-05, 13 , 1.52863e-08, 1.33100e-08 , 9.25376e+02,  1.45901e+00, 3.90889e+05, 3.91268e+05
 3.97954e+04, 6.18188e-05, 14 , 1.11537e-08, 1.41936e-08 , 9.72784e+02,  1.20968e+00, 3.84045e+05, 3.84351e+05
 3.72227e+04, 3.93773e-05, 15 , 7.10469e-09, 1.48037e-08 , 1.02262e+03,  1.25738e+00, 3.76902e+05, 3.77213e+05
 3.48163e+04, 1.78589e-05, 16 , 3.22221e-09, 1.51488e-08 , 1.07489e+03, -6.90234e-01, 3.70034e+05, 3.69868e+05
 3.25654e+04, 0.00000e+00, 17 , 0.00000e+00, 1.52399e-08 , 1.12990e+03, -1.76805e-01, 3.62334e+05, 3.62292e+05
 3.04601e+04, 0.00000e+00, 18 , 0.00000e+00, 1.50852e-08 , 1.18795e+03, -2.12539e+00, 3.54954e+05, 3.54467e+05
 2.84909e+04, 0.00000e+00, 19 , 0.00000e+00, 1.46884e-08 , 1.24903e+03, -8.11521e-01, 3.46597e+05, 3.46416e+05
 2.66490e+04, 0.00000e+00, 20 , 0.00000e+00, 1.40411e-08 , 1.31315e+03, -2.08634e-01, 3.38206e+05, 3.38161e+05
 2.49262e+04, 0.00000e+00, 21 , 0.00000e+00, 1.31252e-08 , 1.38031e+03, -1.02950e+00, 3.29944e+05, 3.29725e+05
 2.33147e+04, 0.00000e+00, 22 , 0.00000e+00, 1.19166e-08 , 1.45112e+03,  4.98543e-01, 3.20956e+05, 3.21059e+05
 2.18074e+04, 0.00000e+00, 23 , 0.00000e+00, 1.03816e-08 , 1.52558e+03, -1.20289e+00, 3.12436e+05, 3.12193e+05
 2.03976e+04, 0.00000e+00, 24 , 0.00000e+00, 8.48450e-09 , 1.60368e+03, -4.10598e-01, 3.03237e+05, 3.03156e+05
 1.90789e+04, 0.00000e+00, 25 , 0.00000e+00, 6.19692e-09 , 1.68604e+03, -1.74197e+00, 2.94245e+05, 2.93910e+05
 1.78455e+04, 0.00000e+00, 26 , 0.00000e+00, 3.50695e-09 , 1.77265e+03, -1.25201e+00, 2.84726e+05, 2.84491e+05
 1.66918e+04, 0.00000e+00, 27 , 0.00000e+00, 4.44591e-10 , 1.86351e+03, -2.02888e+00, 2.75306e+05, 2.74935e+05
 1.56127e+04, 0.00000e+00, 28 , 0.00000e+00, 0.00000e+00 , 1.95894e+03, -1.79518e+00, 2.65564e+05, 2.65244e+05
 1.46033e+04, 0.00000e+00, 29 , 0.00000e+00, 0.00000e+00 , 2.05953e+03, -1.00831e+00, 2.55574e+05, 2.55399e+05
 1.36592e+04, 0.00000e+00, 30 , 0.00000e+00, 0.00000e+00 , 2.16529e+03, -1.55138e+00, 2.45705e+05, 2.45442e+05
 1.27762e+04, 0.00000e+00, 31 , 0.00000e+00, 0.00000e+00 , 2.27621e+03, -2.87972e-01, 2.35464e+05, 2.35416e+05
 1.19502e+04, 0.00000e+00, 32 , 0.00000e+00, 0.00000e+00 , 2.39291e+03,  4.85408e-02, 2.25303e+05, 2.25311e+05
 1.11776e+04, 0.00000e+00, 33 , 0.00000e+00, 0.00000e+00 , 2.51568e+03, -2.42485e+00, 2.15530e+05, 2.15148e+05
 1.04550e+04, 0.00000e+00, 34 , 0.00000e+00, 0.00000e+00 , 2.64484e+03, -1.44212e+00, 2.05173e+05, 2.04952e+05
 9.77911e+03, 1.51785e-05, 35 , 2.73859e-09, 0.00000e+00 , 2.78069e+03,  1.82819e-01, 1.94721e+05, 1.94748e+05
 9.14690e+03, 5.99046e-05, 36 , 1.08084e-08, 0.00000e+00 , 2.92321e+03, -1.26940e-01, 1.84609e+05, 1.84590e+05
 8.55556e+03, 1.00328e-04, 37 , 1.81018e-08, 0.00000e+00 , 3.07304e+03,  2.14052e+00, 1.74178e+05, 1.74483e+05
 8.00245e+03, 1.36771e-04, 38 , 2.46770e-08, 0.00000e+00 , 3.23076e+03,  1.96680e+00, 1.64168e+05, 1.64441e+05
 7.48510e+03, 1.69235e-04, 39 , 3.05343e-08, 0.00000e+00 , 3.39639e+03,  2.87955e+00, 1.54128e+05, 1.54518e+05
 7.00120e+03, 1.95803e-04, 40 , 3.53279e-08, 0.00000e+00 , 3.57052e+03,  7.62085e-01, 1.44631e+05, 1.44732e+05
 6.54858e+03, 2.15419e-04, 41 , 3.88673e-08, 0.00000e+00 , 3.75377e+03,  3.41832e-01, 1.35058e+05, 1.35102e+05
 6.12522e+03, 2.27110e-04, 42 , 4.09765e-08, 0.00000e+00 , 3.94614e+03, -3.14012e-01, 1.25722e+05, 1.25683e+05
 5.72923e+03, 2.29723e-04, 43 , 4.14479e-08, 0.00000e+00 , 4.14854e+03,  6.58967e-01, 1.16400e+05, 1.16481e+05
 5.35884e+03, 2.24450e-04, 44 , 4.04966e-08, 9.88036e-10 , 4.36157e+03,  1.21595e+00, 1.07378e+05, 1.07523e+05
 5.01239e+03, 2.13218e-04, 45 , 3.84700e-08, 3.62684e-09 , 4.58524e+03,  2.12907e+00, 9.86115e+04, 9.88598e+04
 4.68835e+03, 1.97780e-04, 46 , 3.56846e-08, 6.10485e-09 , 4.82016e+03,  1.98431e+00, 9.02862e+04, 9.05119e+04
 4.38525e+03, 1.79709e-04, 47 , 3.24242e-08, 8.38083e-09 , 5.06723e+03,  6.71311e-01, 8.24181e+04, 8.24926e+04
 4.10175e+03, 1.59912e-04, 48 , 2.88523e-08, 1.04285e-08 , 5.32737e+03, -3.80246e-01, 7.48577e+04, 7.48166e+04
 3.83657e+03, 1.39266e-04, 49 , 2.51272e-08, 1.22323e-08 , 5.60088e+03,  4.35950e-01, 6.74699e+04, 6.75159e+04
 3.58854e+03, 1.18620e-04, 50 , 2.14020e-08, 1.37872e-08 , 5.88806e+03, -2.22405e+00, 6.08456e+04, 6.06167e+04
 3.35655e+03, 9.79734e-05, 51 , 1.76769e-08, 1.50931e-08 , 6.18984e+03,  4.73102e-01, 5.40784e+04, 5.41259e+04
 3.13955e+03, 0.00000e+00, 52 , 0.00000e+00, 1.51847e-08 , 6.50741e+03,  1.38223e+00, 4.79101e+04, 4.80454e+04
 2.93658e+03, 1.35381e+05, 53 , 2.44262e+01, 8.16244e-01 , 6.84140e+03, -2.00984e-01, 4.24061e+04, 4.23869e+04
 2.74673e+03, 3.97522e+06, 54 , 7.17233e+02, 2.56001e+01 , 7.19210e+03, -1.65239e+00, 3.73158e+04, 3.71619e+04
 2.56916e+03, 4.18231e+06, 55 , 7.54597e+02, 7.47838e+01 , 7.56073e+03, -4.44101e-01, 3.24037e+04, 3.23634e+04
 2.40307e+03, 0.00000e+00, 56 , 0.00000e+00, 1.00000e+02 , 7.94850e+03, -1.24995e+00, 2.80943e+04, 2.79836e+04
 2.24771e+03, 0.00000e+00, 57 , 0.00000e+00, 1.00000e+02 , 8.35634e+03,  2.59015e-01, 2.39934e+04, 2.40158e+04
 2.10240e+03, 0.00000e+00, 58 , 0.00000e+00, 1.00000e+02 , 8.78514e+03,  1.98382e-01, 2.04332e+04, 2.04499e+04
 1.96648e+03, 0.00000e+00, 59 , 0.00000e+00, 1.00000e+02 , 9.23582e+03, -5.73129e-01, 1.73190e+04, 1.72719e+04
 1.83935e+03, 0.00000e+00, 60 , 0.00000e+00, 1.00000e+02 , 9.70930e+03, -2.43105e-01, 1.44837e+04, 1.44642e+04
 1.72044e+03, 0.00000e+00, 61 , 0.00000e+00, 1.00000e+02 , 1.02071e+04, -1.01170e-01, 1.20115e+04, 1.20036e+04
 1.60921e+03, 0.00000e+00, 62 , 0.00000e+00, 1.00000e+02 , 1.07307e+04,  2.13143e-01, 9.84998e+03, 9.86623e+03
 1.50518e+03, 0.00000e+00, 63 , 0.00000e+00, 1.00000e+02 , 1.12811e+04, -1.84536e+00, 8.16612e+03, 8.02889e+03
 1.40787e+03, 0.00000e+00, 64 , 0.00000e+00, 1.00000e+02 , 1.18597e+04, -5.05117e-01, 6.50211e+03, 6.46548e+03
 1.31685e+03, 0.00000e+00, 65 , 0.00000e+00, 1.00000e+02 
 1.23172e+03, 0.00000e+00, 66 , 0.00000e+00, 1.00000e+02 
 1.15209e+03, 0.00000e+00, 67 , 0.00000e+00, 1.00000e+02 
 1.07761e+03, 0.00000e+00, 68 , 0.00000e+00, 1.00000e+02 
 1.00794e+03, 0.00000e+00, 69 , 0.00000e+00, 1.00000e+02 
 9.42779e+02, 0.00000e+00, 70 , 0.00000e+00, 1.00000e+02 
 8.81829e+02, 0.00000e+00, 71 , 0.00000e+00, 1.00000e+02 
 8.24820e+02, 0.00000e+00, 72 , 0.00000e+00, 1.00000e+02 
 7.71496e+02, 0.00000e+00, 73 , 0.00000e+00, 1.00000e+02 
 7.21619e+02, 0.00000e+00, 74 , 0.00000e+00, 1.00000e+02 
 6.74967e+02, 0.00000e+00, 75 , 0.00000e+00, 1.00000e+02 
 6.31331e+02, 0.00000e+00, 76 , 0.00000e+00, 1.00000e+02 
 5.90516e+02, 0.00000e+00, 77 , 0.00000e+00, 1.00000e+02 
 5.52340e+02, 0.00000e+00, 78 , 0.00000e+00, 1.00000e+02 
 5.16632e+02, 0.00000e+00, 79 , 0.00000e+00, 1.00000e+02 
 4.83232e+02, 0.00000e+00, 80 , 0.00000e+00, 1.00000e+02 
 4.51991e+02, 0.00000e+00, 81 , 0.00000e+00, 1.00000e+02 
 4.22771e+02, 0.00000e+00, 82 , 0.00000e+00, 1.00000e+02 
 3.95439e+02, 0.00000e+00, 83 , 0.00000e+00, 1.00000e+02 
 3.69874e+02, 0.00000e+00, 84 , 0.00000e+00, 1.00000e+02 
 3.45962e+02, 0.00000e+00, 85 , 0.00000e+00, 1.00000e+02 
 3.23596e+02, 0.00000e+00, 86 , 0.00000e+00, 1.00000e+02 
 3.02676e+02, 0.00000e+00, 87 , 0.00000e+00, 1.00000e+02 
 2.83108e+02, 0.00000e+00, 88 , 0.00000e+00, 1.00000e+02 
 2.64805e+02, 0.00000e+00, 89 , 0.00000e+00, 1.00000e+02 
 2.47686e+02, 0.00000e+00, 90 , 0.00000e+00, 1.00000e+02 
 2.31673e+02, 0.00000e+00, 91 , 0.00000e+00, 1.00000e+02 
 2.16696e+02, 0.00000e+00, 92 , 0.00000e+00, 1.00000e+02 
 2.02687e+02, 0.00000e+00, 93 , 0.00000e+00, 1.00000e+02 
 1.89583e+02, 0.00000e+00, 94 , 0.00000e+00, 1.00000e+02 
 1.77327e+02, 0.00000e+00, 95 , 0.00000e+00, 1.00000e+02 
 1.65863e+02, 0.00000e+00, 96 , 0.00000e+00, 1.00000e+02 
 1.55140e+02, 0.00000e+00, 97 , 0.00000e+00, 1.00000e+02 
 1.45110e+02, 0.00000e+00, 98 , 0.00000e+00, 1.00000e+02 
 1.35729e+02, 0.00000e+00, 99 , 0.00000e+00, 1.00000e+02 
 1.26954e+02, 0.00000e+00,100 , 0.00000e+00, 1.00000e+02 

