   T   ,  Sig_Np, Rate# ,   Pct_Np,      CumPct,        SigT,      E:SNR0182 ,   Sig,        SigCalc,    Range ,  Zero   
 9.48776e+04, 1.64989e-05,  1 , 3.18734e-09, 2.03658e-10 , 1.51950e+00, -2.89920e-01, 5.09759e+05, 5.08949e+05,  1.5195,      0
 8.34957e+04, 0.00000e+00,  2 , 0.00000e+00, 3.21891e-11 , 2.12730e+00, -3.61093e-01, 5.06755e+05, 5.05745e+05,  11860,    0
 7.34793e+04, 0.00000e+00,  3 , 0.00000e+00, 0.00000e+00 , 2.73510e+00, -1.33087e+00, 5.06399e+05, 5.02679e+05
 6.46645e+04, 0.00000e+00,  4 , 0.00000e+00, 0.00000e+00 , 3.34290e+00,  4.87533e-02, 4.99600e+05, 4.99737e+05
 5.69071e+04, 0.00000e+00,  5 , 0.00000e+00, 0.00000e+00 , 3.95070e+00, -4.53268e-01, 4.98177e+05, 4.96910e+05
 5.00803e+04, 1.74185e-05,  6 , 3.36499e-09, 0.00000e+00 , 4.55850e+00, -8.29587e-02, 4.94422e+05, 4.94190e+05
 4.40725e+04, 4.27865e-05,  7 , 8.26570e-09, 0.00000e+00 , 5.16630e+00, -5.90412e-02, 4.91734e+05, 4.91569e+05
 3.87854e+04, 6.45467e-05,  8 , 1.24694e-08, 8.21958e-10 , 5.77410e+00,  2.23969e-01, 4.88414e+05, 4.89040e+05
 3.41326e+04, 7.36219e-05,  9 , 1.42226e-08, 2.52747e-09 , 6.38190e+00,  1.11731e+00, 4.83473e+05, 4.86596e+05
 3.00379e+04, 6.25847e-05, 10 , 1.20904e-08, 4.20877e-09 , 6.98970e+00, -2.50097e-02, 4.84303e+05, 4.84233e+05
 2.64345e+04, 3.76339e-05, 11 , 7.27030e-09, 5.44585e-09 , 7.59750e+00,  6.83385e-01, 4.80034e+05, 4.81944e+05
 2.32633e+04, 3.79483e-06, 12 , 7.33103e-10, 5.95723e-09 , 8.20530e+00, -3.50440e-01, 4.80706e+05, 4.79726e+05
 2.04725e+04, 0.00000e+00, 13 , 0.00000e+00, 5.70250e-09 , 8.81310e+00, -2.43654e-01, 4.78255e+05, 4.77574e+05
 1.80166e+04, 0.00000e+00, 14 , 0.00000e+00, 4.98810e-09 , 9.42090e+00,  1.38412e+00, 4.71614e+05, 4.75484e+05
 1.58552e+04, 0.00000e+00, 15 , 0.00000e+00, 4.16679e-09 , 1.00287e+01,  1.59073e+00, 4.69005e+05, 4.73453e+05
 1.39532e+04, 0.00000e+00, 16 , 0.00000e+00, 3.39257e-09 , 1.06365e+01,  1.20537e-01, 4.71140e+05, 4.71477e+05
 1.22793e+04, 0.00000e+00, 17 , 0.00000e+00, 2.70624e-09 , 1.09404e+01, -1.05989e+00, 4.73472e+05, 4.70509e+05
 1.08063e+04, 0.00000e+00, 18 , 0.00000e+00, 2.12108e-09 , 1.15482e+01, -1.03182e+00, 4.71496e+05, 4.68611e+05
 9.50990e+03, 0.00000e+00, 19 , 0.00000e+00, 1.64995e-09 , 1.21560e+01, -1.21260e+00, 4.70152e+05, 4.66762e+05
 8.36906e+03, 0.00000e+00, 20 , 0.00000e+00, 1.28757e-09 , 1.27638e+01,  3.65656e+00, 4.54736e+05, 4.64958e+05
 7.36507e+03, 0.00000e+00, 21 , 0.00000e+00, 1.00332e-09 , 1.33716e+01, -1.75169e+00, 4.68096e+05, 4.63199e+05
 6.48153e+03, 0.00000e+00, 22 , 0.00000e+00, 7.40575e-10 , 1.39794e+01,  2.72395e+00, 4.53866e+05, 4.61481e+05
 5.70399e+03, 0.00000e+00, 23 , 0.00000e+00, 4.47410e-10 , 1.45872e+01,  3.42349e-01, 4.58846e+05, 4.59804e+05
 5.01972e+03, 0.00000e+00, 24 , 0.00000e+00, 9.77056e-11 , 1.51950e+01, -4.70357e-01, 4.59479e+05, 4.58164e+05
 4.41753e+03, 0.00000e+00, 25 , 0.00000e+00, 0.00000e+00 , 1.58028e+01,  4.26619e-01, 4.55368e+05, 4.56561e+05
 3.88759e+03, 0.00000e+00, 26 , 0.00000e+00, 0.00000e+00 , 1.64106e+01, -9.26175e-01, 4.57582e+05, 4.54992e+05
 3.42122e+03, 0.00000e+00, 27 , 0.00000e+00, 0.00000e+00 , 1.70184e+01,  7.02124e-01, 4.51494e+05, 4.53457e+05
 3.01080e+03, 8.34942e+04, 28 , 1.61298e+01, 1.03063e+00 , 1.76262e+01,  4.47247e-01, 4.50704e+05, 4.51954e+05
 2.64961e+03, 3.62507e+05, 29 , 7.00309e+01, 6.53595e+00 , 1.82340e+01,  2.88175e-01, 4.49676e+05, 4.50482e+05
 2.33176e+03, 5.96561e+05, 30 , 1.15246e+02, 1.83744e+01 , 1.88418e+01, -3.69360e-01, 4.50071e+05, 4.49039e+05
 2.05203e+03, 5.41123e+05, 31 , 1.04537e+02, 3.24177e+01 , 1.94496e+01,  2.17862e+00, 4.41533e+05, 4.47624e+05
 1.80586e+03, 3.22306e+05, 32 , 6.22647e+01, 4.30756e+01 , 2.00574e+01, -6.92986e-01, 4.48174e+05, 4.46236e+05
 1.58922e+03, 1.81654e+05, 33 , 3.50929e+01, 4.92964e+01 , 2.06652e+01,  8.56118e-01, 4.42482e+05, 4.44875e+05
 1.39858e+03, 9.65387e+04, 34 , 1.86498e+01, 5.27303e+01 , 2.12730e+01,  5.76202e-01, 4.41928e+05, 4.43539e+05
 1.23080e+03, 4.95028e+04, 35 , 9.56319e+00, 5.45330e+01 , 2.18808e+01, -2.32281e-01, 4.42877e+05, 4.42228e+05
 1.08315e+03, 2.73648e+04, 36 , 5.28646e+00, 5.54819e+01 , 2.24886e+01,  1.45608e+00, 4.36869e+05, 4.40939e+05
 9.53209e+02, 1.93178e+04, 37 , 3.73190e+00, 5.60581e+01 , 2.30964e+01, -2.38988e+00, 4.46355e+05, 4.39674e+05
 8.38858e+02, 1.86480e+04, 38 , 3.60252e+00, 5.65267e+01 , 2.37042e+01,  1.52010e+00, 4.34181e+05, 4.38430e+05
 7.38226e+02, 2.01733e+04, 39 , 3.89718e+00, 5.70059e+01 , 2.43120e+01, -2.11252e+00, 4.43114e+05, 4.37208e+05
 6.49666e+02, 2.27620e+04, 40 , 4.39727e+00, 5.75359e+01 , 2.52237e+01, -1.15636e+00, 4.37699e+05, 4.35413e+05
 5.71730e+02, 2.69551e+04, 41 , 5.20731e+00, 5.81496e+01 , 2.64393e+01, -5.13344e-01, 4.34102e+05, 4.33087e+05
 5.03143e+02, 3.17253e+04, 42 , 6.12885e+00, 5.88739e+01 , 2.79588e+01, -1.04410e+00, 4.31967e+05, 4.30282e+05
 4.42784e+02, 3.68159e+04, 43 , 7.11228e+00, 5.97200e+01 , 2.94783e+01,  4.41552e-01, 4.26710e+05, 4.27583e+05
 3.89666e+02, 4.21671e+04, 44 , 8.14605e+00, 6.06949e+01 , 3.09978e+01,  1.52310e-02, 4.24957e+05, 4.24982e+05
 3.42920e+02, 4.75996e+04, 45 , 9.19552e+00, 6.18030e+01 , 3.25173e+01, -2.38008e+00, 4.26315e+05, 4.22473e+05
 3.01783e+02, 5.27687e+04, 46 , 1.01941e+01, 6.30419e+01 , 3.40368e+01, -8.69875e-01, 4.21769e+05, 4.20049e+05
 2.65580e+02, 5.72147e+04, 47 , 1.10530e+01, 6.43995e+01 , 3.58602e+01,  3.86183e-02, 4.17183e+05, 4.17246e+05
 2.33720e+02, 6.06454e+04, 48 , 1.17158e+01, 6.58544e+01 , 3.76836e+01,  4.90745e-01, 4.13863e+05, 4.14549e+05
 2.05682e+02, 6.30162e+04, 49 , 1.21738e+01, 6.73808e+01 , 3.95070e+01, -6.13003e-01, 4.12941e+05, 4.11951e+05
 1.81008e+02, 6.43968e+04, 50 , 1.24405e+01, 6.89536e+01 , 4.16343e+01,  3.89281e-01, 4.08408e+05, 4.09037e+05
 1.59293e+02, 6.49351e+04, 51 , 1.25445e+01, 7.05500e+01 , 4.37616e+01,  5.39601e-01, 4.05483e+05, 4.06237e+05
 1.40184e+02, 6.48585e+04, 52 , 1.25297e+01, 7.21521e+01 , 4.58889e+01, -1.16010e+00, 4.05167e+05, 4.03545e+05
 1.23367e+02, 6.44286e+04, 53 , 1.24466e+01, 7.37480e+01 , 4.83201e+01,  6.22644e-02, 4.00502e+05, 4.00590e+05
 1.08567e+02, 6.38422e+04, 54 , 1.23333e+01, 7.53314e+01 , 5.07513e+01,  5.64121e-01, 3.96965e+05, 3.97753e+05
 9.55433e+01, 6.31809e+04, 55 , 1.22056e+01, 7.68993e+01 , 5.34864e+01, -3.96726e-01, 3.95190e+05, 3.94694e+05
 8.40816e+01, 6.24587e+04, 56 , 1.20661e+01, 7.84502e+01 , 5.62215e+01, -4.93385e-01, 3.92379e+05, 3.91762e+05
 7.39949e+01, 6.16667e+04, 57 , 1.19131e+01, 7.99823e+01 , 5.89566e+01, -3.12350e-01, 3.89340e+05, 3.88949e+05
 6.51182e+01, 6.07932e+04, 58 , 1.17443e+01, 8.14939e+01 , 6.19956e+01, -1.94090e-01, 3.86193e+05, 3.85950e+05
 5.73064e+01, 5.98216e+04, 59 , 1.15566e+01, 8.29828e+01 , 6.53385e+01,  1.05433e+00, 3.81476e+05, 3.82794e+05
 5.04317e+01, 5.87260e+04, 60 , 1.13450e+01, 8.44461e+01 , 6.86814e+01, -9.41100e-01, 3.80849e+05, 3.79775e+05
 4.43817e+01, 5.74616e+04, 61 , 1.11007e+01, 8.58803e+01 , 7.20243e+01,  5.91399e-01, 3.76206e+05, 3.76881e+05
 3.90575e+01, 5.59574e+04, 62 , 1.08101e+01, 8.72803e+01 , 7.56711e+01,  8.80005e-01, 3.72925e+05, 3.73855e+05
 3.43721e+01, 5.41188e+04, 63 , 1.04549e+01, 8.86391e+01 , 7.96218e+01, -9.10625e-02, 3.70822e+05, 3.70718e+05
 3.02487e+01, 5.18511e+04, 64 , 1.00168e+01, 8.99471e+01 , 8.38764e+01, -4.37440e-01, 3.67954e+05, 3.67491e+05
 2.66199e+01, 4.90885e+04, 65 , 9.48315e+00, 9.11931e+01 , 8.81310e+01, -7.65772e-01, 3.65164e+05, 3.64407e+05
 2.34265e+01, 4.58108e+04, 66 , 8.84995e+00, 9.23645e+01 , 9.26895e+01,  1.42595e+00, 3.59838e+05, 3.61247e+05
 2.06162e+01, 4.20753e+04, 67 , 8.12832e+00, 9.34493e+01 , 9.75519e+01,  1.23716e+00, 3.56804e+05, 3.58027e+05
 1.81430e+01, 3.80472e+04, 68 , 7.35015e+00, 9.44384e+01 , 1.02414e+02,  1.08012e-01, 3.54847e+05, 3.54948e+05
 1.59665e+01, 3.39473e+04, 69 , 6.55810e+00, 9.53270e+01 , 1.07581e+02,  3.92672e-01, 3.51452e+05, 3.51818e+05
 1.40511e+01, 2.99683e+04, 70 , 5.78942e+00, 9.61160e+01 , 1.13051e+02,  7.62644e-01, 3.47938e+05, 3.48649e+05
 1.23655e+01, 2.62365e+04, 71 , 5.06849e+00, 9.68098e+01 , 1.18825e+02,  1.52522e+00, 3.44103e+05, 3.45452e+05
 1.08821e+01, 2.27977e+04, 72 , 4.40418e+00, 9.74150e+01 , 1.25207e+02, -1.12654e-01, 3.42173e+05, 3.42078e+05
 9.57662e+00, 1.96444e+04, 73 , 3.79500e+00, 9.79389e+01 , 1.31589e+02,  1.32592e+00, 3.37739e+05, 3.38857e+05
 8.42778e+00, 1.67447e+04, 74 , 3.23482e+00, 9.83881e+01 , 1.38274e+02, -1.03760e+00, 3.36506e+05, 3.35631e+05
 7.41675e+00, 1.40635e+04, 75 , 2.71685e+00, 9.87684e+01 , 1.45568e+02,  9.26569e-01, 3.31552e+05, 3.32270e+05
 6.52701e+00, 1.15777e+04, 76 , 2.23664e+00, 9.90849e+01 , 1.52862e+02,  7.26865e-01, 3.28495e+05, 3.29058e+05
 5.74401e+00, 9.28478e+03, 77 , 1.79368e+00, 9.93424e+01 , 1.60459e+02, -5.53387e-01, 3.26286e+05, 3.25857e+05
 5.05494e+00, 7.20428e+03, 78 , 1.39176e+00, 9.95460e+01 , 1.68665e+02, -1.87722e+00, 3.23953e+05, 3.22550e+05
 4.44853e+00, 5.36926e+03, 79 , 1.03726e+00, 9.97012e+01 , 1.77478e+02,  4.49457e-01, 3.18831e+05, 3.19156e+05
 3.91487e+00, 3.81134e+03, 80 , 7.36293e-01, 9.98145e+01 , 1.86595e+02, -1.94654e+00, 3.17161e+05, 3.15800e+05
 3.44523e+00, 2.54575e+03, 81 , 4.91800e-01, 9.98930e+01 , 1.96016e+02,  2.85363e-01, 3.12290e+05, 3.12483e+05
 3.03193e+00, 1.57084e+03, 82 , 3.03463e-01, 9.99438e+01 , 2.06044e+02, -9.44358e-01, 3.09745e+05, 3.09105e+05
 2.66820e+00, 8.71407e+02, 83 , 1.68343e-01, 9.99739e+01 , 2.16681e+02, -9.81284e-01, 3.06324e+05, 3.05677e+05
 2.34812e+00, 4.15942e+02, 84 , 8.03537e-02, 9.99898e+01 , 2.27925e+02, -1.51560e+00, 3.03158e+05, 3.02211e+05
 2.06643e+00, 1.58200e+02, 85 , 3.05619e-02, 9.99969e+01 , 2.39777e+02,  4.27939e-02, 2.98689e+05, 2.98716e+05
 1.81853e+00, 4.13419e+01, 86 , 7.98664e-03, 9.99994e+01 , 2.52237e+02, -2.82432e-01, 2.95372e+05, 2.95199e+05
 1.60038e+00, 5.33742e+00, 87 , 1.03111e-03, 9.99999e+01 , 2.65001e+02, -8.16151e-01, 2.92236e+05, 2.91749e+05
 1.40839e+00, 8.63993e-02, 88 , 1.66910e-05, 1.00000e+02 , 2.78372e+02, -3.10928e-01, 2.88462e+05, 2.88284e+05
 1.23943e+00, 7.97612e-06, 89 , 1.54087e-09, 1.00000e+02 , 2.92656e+02, -7.95227e-02, 2.84780e+05, 2.84735e+05
 1.09075e+00, 0.00000e+00, 90 , 0.00000e+00, 1.00000e+02 , 3.07851e+02,  9.65091e-01, 2.80576e+05, 2.81116e+05
 9.59897e-01, 0.00000e+00, 91 , 0.00000e+00, 1.00000e+02 , 3.23653e+02,  2.25756e+00, 2.76313e+05, 2.77506e+05
 8.44744e-01, 0.00000e+00, 92 , 0.00000e+00, 1.00000e+02 , 3.40064e+02, -1.67133e+00, 2.74791e+05, 2.73908e+05
 7.43406e-01, 0.00000e+00, 93 , 0.00000e+00, 1.00000e+02 , 3.57690e+02, -2.49110e-01, 2.70322e+05, 2.70197e+05
 6.54224e-01, 0.00000e+00, 94 , 0.00000e+00, 1.00000e+02 , 3.76228e+02, -7.82063e-01, 2.66843e+05, 2.66450e+05
 5.75741e-01, 0.00000e+00, 95 , 0.00000e+00, 1.00000e+02 , 3.95374e+02,  6.29686e-01, 2.62430e+05, 2.62731e+05
 5.06673e-01, 0.00000e+00, 96 , 0.00000e+00, 1.00000e+02 , 4.15431e+02, -2.18722e-01, 2.59088e+05, 2.58985e+05
 4.45891e-01, 0.00000e+00, 97 , 0.00000e+00, 1.00000e+02 , 4.36704e+02,  7.33834e-01, 2.54825e+05, 2.55162e+05
 3.92400e-01, 0.00000e+00, 98 , 0.00000e+00, 1.00000e+02 , 4.59193e+02,  2.13582e+00, 2.50305e+05, 2.51273e+05
 3.45327e-01, 0.00000e+00, 99 , 0.00000e+00, 1.00000e+02 , 4.82897e+02,  6.89326e-01, 2.47027e+05, 2.47328e+05
 3.03900e-01, 0.00000e+00,100 , 0.00000e+00, 1.00000e+02 , 5.07817e+02,  1.64979e+00, 2.42631e+05, 2.43335e+05
            ,    ,            ,            ,             , 5.33952e+02, -9.04914e-01, 2.39677e+05, 2.39300e+05
            ,    ,            ,            ,             , 5.61303e+02,  6.40938e-01, 2.34969e+05, 2.35231e+05
            ,    ,            ,            ,             , 5.89870e+02,  1.10119e+00, 2.30696e+05, 2.31132e+05
            ,    ,            ,            ,             , 6.19956e+02,  1.70262e-01, 2.26901e+05, 2.26967e+05
            ,    ,            ,            ,             , 6.51866e+02,  7.16803e-01, 2.22435e+05, 2.22706e+05
            ,    ,            ,            ,             , 6.85294e+02, -2.49208e-01, 2.18489e+05, 2.18398e+05
            ,    ,            ,            ,             , 7.20547e+02,  1.10044e+00, 2.13620e+05, 2.14014e+05
            ,    ,            ,            ,             , 7.57623e+02, -8.32765e-01, 2.09857e+05, 2.09563e+05
            ,    ,            ,            ,             , 7.96218e+02, -1.34449e+00, 2.05547e+05, 2.05091e+05
            ,    ,            ,            ,             , 8.36941e+02, -5.01210e-01, 2.00703e+05, 2.00535e+05
            ,    ,            ,            ,             , 8.80094e+02, -1.63110e+00, 1.96406e+05, 1.95875e+05
            ,    ,            ,            ,             , 9.25376e+02, -7.95067e-01, 1.91409e+05, 1.91158e+05
            ,    ,            ,            ,             , 9.72784e+02, -3.08683e-01, 1.86487e+05, 1.86392e+05
            ,    ,            ,            ,             , 1.02262e+03, -4.07031e-02, 1.81572e+05, 1.81560e+05
            ,    ,            ,            ,             , 1.07489e+03, -2.27407e+00, 1.77340e+05, 1.76674e+05
            ,    ,            ,            ,             , 1.12990e+03, -1.26937e+00, 1.72082e+05, 1.71718e+05
            ,    ,            ,            ,             , 1.18795e+03,  7.36064e-01, 1.66478e+05, 1.66683e+05
            ,    ,            ,            ,             , 1.24903e+03,  3.24244e-01, 1.61495e+05, 1.61583e+05
            ,    ,            ,            ,             , 1.31315e+03,  3.19970e-01, 1.56352e+05, 1.56437e+05
            ,    ,            ,            ,             , 1.38031e+03, -6.95698e-02, 1.51277e+05, 1.51258e+05
            ,    ,            ,            ,             , 1.45112e+03,  7.91882e-01, 1.45819e+05, 1.46019e+05
            ,    ,            ,            ,             , 1.52558e+03,  8.85526e-01, 1.40520e+05, 1.40738e+05
            ,    ,            ,            ,             , 1.60368e+03,  6.13549e-01, 1.35287e+05, 1.35435e+05
            ,    ,            ,            ,             , 1.68604e+03,  1.02734e+00, 1.29848e+05, 1.30089e+05
            ,    ,            ,            ,             , 1.77265e+03,  1.17783e-01, 1.24696e+05, 1.24722e+05
            ,    ,            ,            ,             , 1.86351e+03,  1.48577e-01, 1.19324e+05, 1.19357e+05
            ,    ,            ,            ,             , 1.95894e+03, -1.55705e+00, 1.14335e+05, 1.13996e+05
            ,    ,            ,            ,             , 2.05953e+03, -1.79260e-01, 1.08668e+05, 1.08630e+05
            ,    ,            ,            ,             , 2.16529e+03,  1.91976e+00, 1.02886e+05, 1.03284e+05
            ,    ,            ,            ,             , 2.27621e+03,  1.18026e+00, 9.77431e+04, 9.79813e+04
            ,    ,            ,            ,             , 2.39291e+03, -1.35059e+00, 9.29834e+04, 9.27177e+04
            ,    ,            ,            ,             , 2.51568e+03,  1.66555e-01, 8.74736e+04, 8.75056e+04
            ,    ,            ,            ,             , 2.64484e+03, -9.94285e-01, 8.25445e+04, 8.23584e+04
            ,    ,            ,            ,             , 2.78069e+03,  5.08607e-01, 7.71972e+04, 7.72902e+04
            ,    ,            ,            ,             , 2.92321e+03,  3.38632e-01, 7.22656e+04, 7.23259e+04
            ,    ,            ,            ,             , 3.07304e+03,  4.09688e-01, 6.73974e+04, 6.74686e+04
            ,    ,            ,            ,             , 3.23076e+03, -1.59112e+00, 6.29941e+04, 6.27244e+04
            ,    ,            ,            ,             , 3.39639e+03,  4.45137e-01, 5.80442e+04, 5.81177e+04
            ,    ,            ,            ,             , 3.57052e+03,  8.99231e-01, 5.35097e+04, 5.36546e+04
            ,    ,            ,            ,             , 3.75377e+03, -6.46923e-01, 4.94446e+04, 4.93429e+04
            ,    ,            ,            ,             , 3.94614e+03,  4.64512e-01, 4.51325e+04, 4.52037e+04
            ,    ,            ,            ,             , 4.14854e+03, -5.32727e-01, 4.13167e+04, 4.12371e+04
            ,    ,            ,            ,             , 4.36157e+03, -2.61380e-01, 3.74893e+04, 3.74511e+04
            ,    ,            ,            ,             , 4.58524e+03, -5.41389e-01, 3.39395e+04, 3.38626e+04
            ,    ,            ,            ,             , 4.82016e+03, -1.21600e+00, 3.06443e+04, 3.04756e+04
            ,    ,            ,            ,             , 5.06723e+03,  6.65512e-01, 2.71999e+04, 2.72900e+04
            ,    ,            ,            ,             , 5.32737e+03,  4.82636e-01, 2.42426e+04, 2.43062e+04
            ,    ,            ,            ,             , 5.60088e+03, -2.24884e-02, 2.15335e+04, 2.15306e+04
            ,    ,            ,            ,             , 5.88806e+03,  1.52287e-01, 1.89474e+04, 1.89665e+04
            ,    ,            ,            ,             , 6.18984e+03,  7.57741e-01, 1.65168e+04, 1.66096e+04
            ,    ,            ,            ,             , 6.50741e+03, -8.46881e-01, 1.45543e+04, 1.44532e+04
            ,    ,            ,            ,             , 6.84140e+03, -1.71702e-01, 1.25146e+04, 1.24946e+04
            ,    ,            ,            ,             , 7.19210e+03,  2.41022e+00, 1.04565e+04, 1.07300e+04
            ,    ,            ,            ,             , 7.56073e+03, -8.52492e-01, 9.24407e+03, 9.14964e+03
            ,    ,            ,            ,             , 7.94850e+03, -1.83826e+00, 7.94208e+03, 7.74353e+03
            ,    ,            ,            ,             , 8.35634e+03, -2.20860e-01, 6.52564e+03, 6.50239e+03
            ,    ,            ,            ,             , 8.78514e+03,  6.82682e-01, 5.34580e+03, 5.41596e+03
            ,    ,            ,            ,             , 9.23582e+03, -2.35218e-01, 4.49678e+03, 4.47322e+03
            ,    ,            ,            ,             , 9.70930e+03, -8.39056e-01, 3.74451e+03, 3.66254e+03
            ,    ,            ,            ,             , 1.02071e+04,  8.17011e-01, 2.89330e+03, 2.97118e+03
            ,    ,            ,            ,             , 1.07307e+04,  1.75125e+00, 2.22416e+03, 2.38691e+03
            ,    ,            ,            ,             , 1.12811e+04,  4.93491e-01, 1.85366e+03, 1.89840e+03
            ,    ,            ,            ,             , 1.18597e+04, -6.42273e-01, 1.55084e+03, 1.49406e+03

