   T   ,  Sig_Np, Rate# ,   Pct_Np,      CumPct,        SigT,      E:SNR0075 ,   Sig,        SigCalc,    Range ,  Zero   
 3.62198e+03, 0.00000e+00,  1 , 0.00000e+00, 0.00000e+00 , 2.61000e-01,  4.04223e+00, 5.33113e+02, 5.63499e+02,  .261,      0
 3.23972e+03, 1.11738e-09,  2 , 1.96976e-10, 0.00000e+00 , 3.19000e-01,  1.82612e+00, 5.48950e+02, 5.62677e+02,  452.75,    0
 2.89779e+03, 0.00000e+00,  3 , 0.00000e+00, 6.39481e-12 , 3.77000e-01,  8.91157e-01, 5.55162e+02, 5.61862e+02
 2.59196e+03, 0.00000e+00,  4 , 0.00000e+00, 4.64723e-12 , 4.35000e-01, -1.86069e-01, 5.62450e+02, 5.61051e+02
 2.31840e+03, 0.00000e+00,  5 , 0.00000e+00, 0.00000e+00 , 4.93000e-01, -2.00005e-01, 5.61750e+02, 5.60247e+02
 2.07371e+03, 0.00000e+00,  6 , 0.00000e+00, 0.00000e+00 , 5.51000e-01,  1.36815e+00, 5.49162e+02, 5.59447e+02
 1.85485e+03, 0.00000e+00,  7 , 0.00000e+00, 0.00000e+00 , 6.09000e-01,  1.61005e+00, 5.46550e+02, 5.58653e+02
 1.65909e+03, 2.57609e-09,  8 , 4.54123e-10, 0.00000e+00 , 6.67000e-01, -7.95916e-02, 5.58463e+02, 5.57864e+02
 1.48399e+03, 2.30037e-08,  9 , 4.05517e-09, 1.51653e-10 , 7.25000e-01, -2.58002e+00, 5.76475e+02, 5.57080e+02
 1.32736e+03, 6.38143e-08, 10 , 1.12494e-08, 1.00516e-09 , 7.83000e-01, -3.23402e+00, 5.80612e+02, 5.56302e+02
 1.18727e+03, 1.07063e-07, 11 , 1.88735e-08, 2.68506e-09 , 8.41000e-01, -1.48288e+00, 5.66675e+02, 5.55528e+02
 1.06197e+03, 1.50362e-07, 12 , 2.65064e-08, 5.21581e-09 , 8.99000e-01,  4.05268e-01, 5.51713e+02, 5.54759e+02
 9.49886e+02, 1.93471e-07, 13 , 3.41058e-08, 8.59604e-09 , 9.57000e-01,  1.18160e+00, 5.45113e+02, 5.53995e+02
 8.49634e+02, 2.36112e-07, 14 , 4.16226e-08, 1.28193e-08 , 1.01500e+00,  5.45137e-01, 5.49138e+02, 5.53235e+02
 7.59963e+02, 2.77959e-07, 15 , 4.89996e-08, 1.78731e-08 , 1.07300e+00,  6.12674e-01, 5.47875e+02, 5.52481e+02
 6.79756e+02, 3.15732e-07, 16 , 5.56584e-08, 2.37097e-08 , 1.13100e+00,  2.60116e-01, 5.49775e+02, 5.51730e+02
 6.08014e+02, 3.45656e-07, 17 , 6.09334e-08, 3.02118e-08 , 1.16000e+00, -7.73970e-01, 5.57175e+02, 5.51357e+02
 5.43843e+02, 3.58342e-07, 18 , 6.31697e-08, 3.71328e-08 , 1.21800e+00, -2.52243e+00, 5.69575e+02, 5.50613e+02
 4.86445e+02, 3.53279e-07, 19 , 6.22773e-08, 4.41287e-08 , 1.27600e+00,  3.59063e-01, 5.47175e+02, 5.49874e+02
 4.35105e+02, 3.30304e-07, 20 , 5.82271e-08, 5.08490e-08 , 1.33400e+00, -3.14043e-01, 5.51500e+02, 5.49139e+02
 3.89184e+02, 2.91248e-07, 21 , 5.13423e-08, 5.69595e-08 , 1.39200e+00,  7.76375e-02, 5.47825e+02, 5.48409e+02
 3.48109e+02, 2.34828e-07, 22 , 4.13962e-08, 6.21313e-08 , 1.45000e+00,  1.60394e+00, 5.35625e+02, 5.47682e+02
 3.11369e+02, 1.76829e-07, 23 , 3.11721e-08, 6.61783e-08 , 1.50800e+00, -8.06847e-01, 5.53025e+02, 5.46960e+02
 2.78507e+02, 1.18241e-07, 24 , 2.08439e-08, 6.90792e-08 , 1.56600e+00, -1.77706e+00, 5.59600e+02, 5.46241e+02
 2.49113e+02, 5.91587e-08, 25 , 1.04287e-08, 7.08232e-08 , 1.62400e+00, -1.80558e+00, 5.59100e+02, 5.45527e+02
 2.22821e+02, 0.00000e+00, 26 , 0.00000e+00, 7.14018e-08 , 1.68200e+00,  1.75148e-01, 5.43500e+02, 5.44817e+02
 1.99305e+02, 0.00000e+00, 27 , 0.00000e+00, 7.08046e-08 , 1.74000e+00,  3.12672e-02, 5.43875e+02, 5.44110e+02
 1.78270e+02, 0.00000e+00, 28 , 0.00000e+00, 6.90190e-08 , 1.79800e+00,  1.01198e+00, 5.35800e+02, 5.43407e+02
 1.59455e+02, 0.00000e+00, 29 , 0.00000e+00, 6.60349e-08 , 1.85600e+00,  8.75611e-02, 5.42050e+02, 5.42708e+02
 1.42626e+02, 0.00000e+00, 30 , 0.00000e+00, 6.18472e-08 , 1.91400e+00, -9.14090e-02, 5.42700e+02, 5.42013e+02
 1.27573e+02, 0.00000e+00, 31 , 0.00000e+00, 5.64560e-08 , 1.97200e+00, -1.12793e+00, 5.49800e+02, 5.41321e+02
 1.14109e+02, 0.00000e+00, 32 , 0.00000e+00, 5.02548e-08 , 2.03000e+00, -1.70835e+00, 5.53475e+02, 5.40633e+02
 1.02066e+02, 4.31999e+02, 33 , 7.61542e+01, 4.24698e+00 , 2.08800e+00,  2.75815e-01, 5.37875e+02, 5.39948e+02
 9.12936e+01, 8.26173e+02, 34 , 1.45641e+02, 1.66161e+01 , 2.14600e+00, -8.45764e-01, 5.45625e+02, 5.39267e+02
 8.16584e+01, 9.74801e+02, 35 , 1.71841e+02, 3.43214e+01 , 2.20400e+00,  6.23833e-01, 5.33900e+02, 5.38589e+02
 7.30401e+01, 8.53742e+02, 36 , 1.50501e+02, 5.22978e+01 , 2.26200e+00, -5.79984e-01, 5.42275e+02, 5.37915e+02
 6.53313e+01, 6.04114e+02, 37 , 1.06495e+02, 6.66300e+01 , 2.32000e+00, -9.68563e-01, 5.44525e+02, 5.37244e+02
 5.84362e+01, 4.04036e+02, 38 , 7.12249e+01, 7.65411e+01 , 2.40700e+00, -1.64732e+00, 5.45000e+02, 5.36244e+02
 5.22688e+01, 2.43426e+02, 39 , 4.29120e+01, 8.29063e+01 , 2.52300e+00, -9.22564e-01, 5.38925e+02, 5.34921e+02
 4.67523e+01, 1.30097e+02, 40 , 2.29339e+01, 8.65784e+01 , 2.66800e+00, -3.22613e-01, 5.35000e+02, 5.33285e+02
 4.18180e+01, 6.23299e+01, 41 , 1.09877e+01, 8.84702e+01 , 2.81300e+00,  1.23688e+00, 5.26300e+02, 5.31668e+02
 3.74045e+01, 3.28948e+01, 42 , 5.79881e+00, 8.94063e+01 , 2.92900e+00, -9.16852e-02, 5.30875e+02, 5.30388e+02
 3.34568e+01, 2.70471e+01, 43 , 4.76795e+00, 8.99956e+01 , 3.07400e+00, -2.83497e-01, 5.30033e+02, 5.28803e+02
 2.99257e+01, 2.66982e+01, 44 , 4.70644e+00, 9.05240e+01 , 3.24800e+00, -5.32134e-01, 5.29233e+02, 5.26924e+02
 2.67673e+01, 2.62992e+01, 45 , 4.63612e+00, 9.10450e+01 , 3.42200e+00, -3.49048e-01, 5.26583e+02, 5.25068e+02
 2.39423e+01, 2.58998e+01, 46 , 4.56570e+00, 9.15582e+01 , 3.59600e+00,  9.60689e-01, 5.19625e+02, 5.23236e+02
 2.14154e+01, 2.54994e+01, 47 , 4.49512e+00, 9.20635e+01 , 3.77000e+00,  1.37100e+00, 5.15475e+02, 5.21425e+02
 1.91552e+01, 2.50971e+01, 48 , 4.42420e+00, 9.25609e+01 , 3.97300e+00,  2.88205e-01, 5.18256e+02, 5.19339e+02
 1.71335e+01, 2.46917e+01, 49 , 4.35274e+00, 9.30503e+01 , 4.17600e+00, -3.28661e-01, 5.18517e+02, 5.17281e+02
 1.53252e+01, 2.42816e+01, 50 , 4.28044e+00, 9.35318e+01 , 4.37900e+00,  1.22966e-01, 5.14788e+02, 5.15250e+02
 1.37078e+01, 2.38644e+01, 51 , 4.20690e+00, 9.40051e+01 , 4.61100e+00, -1.20709e-01, 5.13413e+02, 5.12959e+02
 1.22611e+01, 2.34375e+01, 52 , 4.13163e+00, 9.44701e+01 , 4.84300e+00, -8.06585e-01, 5.13731e+02, 5.10700e+02
 1.09670e+01, 2.29971e+01, 53 , 4.05400e+00, 9.49266e+01 , 5.07500e+00, -7.24469e-01, 5.10906e+02, 5.08471e+02
 9.80954e+00, 2.25387e+01, 54 , 3.97320e+00, 9.53743e+01 , 5.33600e+00,  3.23594e-01, 5.04910e+02, 5.05998e+02
 8.77423e+00, 2.20567e+01, 55 , 3.88823e+00, 9.58127e+01 , 5.62600e+00,  5.29841e-01, 5.01510e+02, 5.03291e+02
 7.84819e+00, 2.15435e+01, 56 , 3.79776e+00, 9.62414e+01 , 5.91600e+00,  2.07122e-01, 4.99990e+02, 5.00626e+02
 7.01988e+00, 2.09890e+01, 57 , 3.70001e+00, 9.66595e+01 , 6.20600e+00, -5.23233e-02, 4.98175e+02, 4.97999e+02
 6.27900e+00, 2.03783e+01, 58 , 3.59235e+00, 9.70662e+01 , 6.52500e+00,  8.19617e-01, 4.92638e+02, 4.95153e+02
 5.61631e+00, 1.96865e+01, 59 , 3.47039e+00, 9.74601e+01 , 6.87300e+00, -7.66759e-01, 4.94275e+02, 4.92096e+02
 5.02356e+00, 1.88717e+01, 60 , 3.32677e+00, 9.78391e+01 , 7.22100e+00, -3.83981e-01, 4.90267e+02, 4.89088e+02
 4.49336e+00, 1.78754e+01, 61 , 3.15113e+00, 9.82004e+01 , 7.59800e+00,  1.65755e+00, 4.81171e+02, 4.85881e+02
 4.01913e+00, 1.66363e+01, 62 , 2.93271e+00, 9.85397e+01 , 7.97500e+00,  3.21142e-01, 4.81871e+02, 4.82724e+02
 3.59495e+00, 1.51107e+01, 63 , 2.66377e+00, 9.88518e+01 , 8.38100e+00,  3.47104e-01, 4.78456e+02, 4.79379e+02
 3.21553e+00, 1.32828e+01, 64 , 2.34153e+00, 9.91309e+01 , 8.81600e+00, -7.95605e-02, 4.76064e+02, 4.75853e+02
 2.87616e+00, 1.11849e+01, 65 , 1.97172e+00, 9.93714e+01 , 9.25100e+00,  5.00877e-01, 4.71053e+02, 4.72384e+02
 2.57261e+00, 8.93125e+00, 66 , 1.57443e+00, 9.95692e+01 , 9.71500e+00, -7.84155e-01, 4.70709e+02, 4.68744e+02
 2.30109e+00, 6.69217e+00, 67 , 1.17972e+00, 9.97228e+01 , 1.02080e+01, -1.21425e+00, 4.67828e+02, 4.64941e+02
 2.05823e+00, 4.66587e+00, 68 , 8.22516e-01, 9.98345e+01 , 1.07590e+01,  2.40082e+00, 4.55058e+02, 4.60765e+02
 1.84101e+00, 3.00152e+00, 69 , 5.29118e-01, 9.99098e+01 , 1.13100e+01, -8.38781e-01, 4.58656e+02, 4.56662e+02
 1.64670e+00, 1.74183e+00, 70 , 3.07056e-01, 9.99565e+01 , 1.18610e+01, -8.12379e-02, 4.52813e+02, 4.52628e+02
 1.47291e+00, 8.73094e-01, 71 , 1.53912e-01, 9.99822e+01 , 1.24700e+01, -1.06323e+00, 4.50555e+02, 4.48247e+02
 1.31746e+00, 3.51601e-01, 72 , 6.19813e-02, 9.99942e+01 , 1.31080e+01,  2.31834e-01, 4.43236e+02, 4.43739e+02
 1.17841e+00, 1.00592e-01, 73 , 1.77326e-02, 9.99987e+01 , 1.37750e+01,  7.25311e-01, 4.37538e+02, 4.39111e+02
 1.05404e+00, 1.53995e-02, 74 , 2.71467e-03, 9.99998e+01 , 1.45000e+01, -5.48015e-01, 4.35275e+02, 4.34174e+02
 9.42796e-01, 1.86375e-03, 75 , 3.28549e-04, 1.00000e+02 , 1.52540e+01,  3.63640e-01, 4.28406e+02, 4.29136e+02
 8.43292e-01, 2.62863e-04, 76 , 4.63384e-05, 1.00000e+02 , 1.60370e+01,  6.87664e-01, 4.22670e+02, 4.24004e+02
 7.54290e-01, 1.11888e-51, 77 , 1.97240e-52, 1.00000e+02 , 1.68490e+01,  1.63665e+00, 4.15607e+02, 4.18784e+02
 6.74681e-01, 0.00000e+00, 78 , 0.00000e+00, 1.00000e+02 , 1.76900e+01,  1.02394e+00, 4.11613e+02, 4.13480e+02
 6.03475e-01, 0.00000e+00, 79 , 0.00000e+00, 1.00000e+02 , 1.85890e+01, -4.57024e-01, 4.08755e+02, 4.07921e+02
 5.39784e-01, 0.00000e+00, 80 , 0.00000e+00, 1.00000e+02 , 1.95460e+01,  3.93423e-01, 4.01426e+02, 4.02124e+02
 4.82814e-01, 0.00000e+00, 81 , 0.00000e+00, 1.00000e+02 , 2.05610e+01,  1.16748e+00, 3.94089e+02, 3.96102e+02
 4.31857e-01, 0.00000e+00, 82 , 0.00000e+00, 1.00000e+02 , 2.16050e+01, -1.05377e+00, 3.91811e+02, 3.90040e+02
 3.86279e-01, 0.00000e+00, 83 , 0.00000e+00, 1.00000e+02 , 2.27070e+01,  4.52776e-01, 3.83035e+02, 3.83778e+02
 3.45511e-01, 0.00000e+00, 84 , 0.00000e+00, 1.00000e+02 , 2.38960e+01, -1.48983e+00, 3.79560e+02, 3.77172e+02
 3.09045e-01, 0.00000e+00, 85 , 0.00000e+00, 1.00000e+02 , 2.51140e+01, -5.84954e-01, 3.71476e+02, 3.70559e+02
 2.76428e-01, 0.00000e+00, 86 , 0.00000e+00, 1.00000e+02 , 2.63900e+01, -8.40364e-01, 3.65082e+02, 3.63792e+02
 2.47254e-01, 0.00000e+00, 87 , 0.00000e+00, 1.00000e+02 , 2.77530e+01, -4.98319e-01, 3.57471e+02, 3.56736e+02
 2.21158e-01, 0.00000e+00, 88 , 0.00000e+00, 1.00000e+02 , 2.91740e+01,  1.17699e+00, 3.47859e+02, 3.49562e+02
 1.97817e-01, 0.00000e+00, 89 , 0.00000e+00, 1.00000e+02 , 3.06530e+01,  3.98659e-01, 3.41716e+02, 3.42283e+02
 1.76939e-01, 0.00000e+00, 90 , 0.00000e+00, 1.00000e+02 , 3.22190e+01, -7.52242e-01, 3.35808e+02, 3.34776e+02
 1.58265e-01, 0.00000e+00, 91 , 0.00000e+00, 1.00000e+02 , 3.38720e+01,  1.49000e+00, 3.25053e+02, 3.27065e+02
 1.41561e-01, 0.00000e+00, 92 , 0.00000e+00, 1.00000e+02 , 3.55830e+01, -1.65239e+00, 3.21467e+02, 3.19305e+02
 1.26621e-01, 0.00000e+00, 93 , 0.00000e+00, 1.00000e+02 , 3.74100e+01,  2.08074e+00, 3.08613e+02, 3.11257e+02
 1.13257e-01, 0.00000e+00, 94 , 0.00000e+00, 1.00000e+02 , 3.93240e+01,  2.19489e-02, 3.03049e+02, 3.03077e+02
 1.01304e-01, 0.00000e+00, 95 , 0.00000e+00, 1.00000e+02 , 4.13250e+01,  1.82319e-01, 2.94566e+02, 2.94788e+02
 9.06121e-02, 0.00000e+00, 96 , 0.00000e+00, 1.00000e+02 , 4.34420e+01, -2.07754e+00, 2.88769e+02, 2.86300e+02
 8.10488e-02, 0.00000e+00, 97 , 0.00000e+00, 1.00000e+02 , 4.56750e+01,  5.37000e-01, 2.77021e+02, 2.77644e+02
 7.24949e-02, 0.00000e+00, 98 , 0.00000e+00, 1.00000e+02 , 4.80240e+01, -1.12812e+00, 2.70119e+02, 2.68855e+02
 6.48437e-02, 0.00000e+00, 99 , 0.00000e+00, 1.00000e+02 , 5.04600e+01, -3.24337e-01, 2.60426e+02, 2.60066e+02
 5.80000e-02, 0.00000e+00,100 , 0.00000e+00, 1.00000e+02 , 5.30410e+01, -1.06728e+00, 2.52246e+02, 2.51100e+02
            ,    ,            ,            ,             , 5.57670e+01, -4.61776e-01, 2.42480e+02, 2.41998e+02
            ,    ,            ,            ,             , 5.86090e+01, -1.09156e+00, 2.34009e+02, 2.32892e+02
            ,    ,            ,            ,             , 6.15960e+01,  8.42871e-02, 2.23639e+02, 2.23723e+02
            ,    ,            ,            ,             , 6.47570e+01,  4.09217e-01, 2.14043e+02, 2.14443e+02
            ,    ,            ,            ,             , 6.80630e+01,  2.27046e+00, 2.03031e+02, 2.05181e+02
            ,    ,            ,            ,             , 7.15430e+01, -9.55527e-01, 1.96779e+02, 1.95895e+02
            ,    ,            ,            ,             , 7.51970e+01, -1.20348e-01, 1.86735e+02, 1.86627e+02
            ,    ,            ,            ,             , 7.90250e+01,  1.63702e-01, 1.77274e+02, 1.77418e+02
            ,    ,            ,            ,             , 8.30850e+01, -8.43626e-01, 1.68906e+02, 1.68178e+02
            ,    ,            ,            ,             , 8.73480e+01,  7.61645e-01, 1.58388e+02, 1.59024e+02
            ,    ,            ,            ,             , 9.18140e+01,  5.53183e-01, 1.49547e+02, 1.49998e+02
            ,    ,            ,            ,             , 9.65120e+01,  3.11572e-01, 1.40836e+02, 1.41084e+02
            ,    ,            ,            ,             , 1.01442e+02, -1.13416e+00, 1.33209e+02, 1.32329e+02
            ,    ,            ,            ,             , 1.06604e+02,  1.20424e+00, 1.22858e+02, 1.23772e+02
            ,    ,            ,            ,             , 1.12056e+02,  1.83171e-01, 1.15228e+02, 1.15363e+02
            ,    ,            ,            ,             , 1.17798e+02,  1.89972e+00, 1.05784e+02, 1.07152e+02
            ,    ,            ,            ,             , 1.23801e+02,  5.66962e-01, 9.88193e+01, 9.92185e+01
            ,    ,            ,            ,             , 1.30123e+02, -5.00452e-01, 9.18665e+01, 9.15245e+01
            ,    ,            ,            ,             , 1.36793e+02,  9.08609e-01, 8.34706e+01, 8.40790e+01
            ,    ,            ,            ,             , 1.43782e+02, -1.19464e+00, 7.77305e+01, 7.69518e+01
            ,    ,            ,            ,             , 1.51119e+02, -6.24063e-01, 7.05412e+01, 7.01433e+01
            ,    ,            ,            ,             , 1.58862e+02,  9.02675e-01, 6.30743e+01, 6.36339e+01
            ,    ,            ,            ,             , 1.67011e+02,  2.08180e-01, 5.73314e+01, 5.74575e+01
            ,    ,            ,            ,             , 1.75537e+02,  9.06858e-02, 5.16043e+01, 5.16579e+01
            ,    ,            ,            ,             , 1.84498e+02, -1.71114e+00, 4.71965e+01, 4.62129e+01
            ,    ,            ,            ,             , 1.93952e+02,  4.71207e-01, 4.08442e+01, 4.11089e+01
            ,    ,            ,            ,             , 2.03870e+02, -7.06917e-01, 3.67653e+01, 3.63777e+01
            ,    ,            ,            ,             , 2.14281e+02, -6.58304e-01, 3.23649e+01, 3.20133e+01
            ,    ,            ,            ,             , 2.25243e+02, -1.79400e-01, 2.80921e+01, 2.79986e+01
            ,    ,            ,            ,             , 2.36756e+02, -2.24416e+00, 2.54805e+01, 2.43380e+01
            ,    ,            ,            ,             , 2.48849e+02, -1.35823e-01, 2.10881e+01, 2.10208e+01
            ,    ,            ,            ,             , 2.61580e+02,  4.58948e-01, 1.78066e+01, 1.80283e+01
            ,    ,            ,            ,             , 2.74949e+02,  3.69080e-01, 1.51802e+01, 1.53546e+01
            ,    ,            ,            ,             , 2.89014e+02, -3.24100e-01, 1.31278e+01, 1.29787e+01
            ,    ,            ,            ,             , 3.03804e+02,  1.13211e+00, 1.03771e+01, 1.08848e+01
            ,    ,            ,            ,             , 3.19348e+02, -9.28072e-02, 9.09573e+00, 9.05511e+00
            ,    ,            ,            ,             , 3.35675e+02,  4.36104e-01, 7.28420e+00, 7.47040e+00
            ,    ,            ,            ,             , 3.52814e+02,  1.18761e+00, 5.61510e+00, 6.11031e+00
            ,    ,            ,            ,             , 3.70852e+02,  1.00171e+00, 4.54397e+00, 4.95055e+00
            ,    ,            ,            ,             , 3.89818e+02,  8.93143e-01, 3.61821e+00, 3.97206e+00
            ,    ,            ,            ,             , 4.09770e+02,  1.81025e-01, 3.08435e+00, 3.15434e+00
            ,    ,            ,            ,             , 4.30737e+02, -1.78813e-01, 2.54615e+00, 2.47877e+00
            ,    ,            ,            ,             , 4.52748e+02, -1.70618e-01, 1.98985e+00, 1.92711e+00

